2.424   -0.00203076   0.00278195
5.14108   0.00131264   0.00102956
8.03904   0.000741774   0.000689272
11.0105   0.00338666   0.000563794
13.9971   0.00195308   0.000497977
16.9928   0.0027529   0.000455021
19.9895   0.00360775   0.000430146
23.4863   0.00324019   0.000354292
27.9792   0.00336493   0.000299358
32.9841   0.00318487   0.000284745
37.9744   0.00325581   0.000274596
42.9796   0.00296431   0.000265271
47.9796   0.00349873   0.000261436
60.266   0.00348994   0.000125187
80.2867   0.00430065   0.000120883
100.312   0.00501325   0.000119351
120.326   0.0060433   0.000120086
140.308   0.00674268   0.000122373
160.32   0.00743222   0.000125677
180.314   0.00754618   0.000129403
194.92   0.00848841   0.000186852
