2.424   -0.0895384   5.90832   -0.00166594   0.00428086
5.14108   0.239323   42.387   0.000549548   0.00227608
8.03904   0.0647137   0.761718   0.00322945   0.00189448
11.0105   0.0464729   0.16757   0.00796762   0.00178664
13.9971   0.0746758   0.227386   0.00758887   0.00176511
16.9928   0.0908862   0.376959   0.00590466   0.00177437
19.9895   0.0570668   0.0924635   0.0124943   0.00180974
23.4863   0.0788674   0.123971   0.0107525   0.00158949
27.9792   0.062785   0.0480389   0.0173313   0.00144818
32.9841   0.0613902   0.0388933   0.0199494   0.0014771
37.9744   0.0706717   0.0364517   0.0225424   0.00150774
42.9796   0.0764963   0.0377197   0.0230424   0.00153524
47.9796   0.0695666   0.0219949   0.0325952   0.00157016
60.266   0.0711088   0.0083043   0.0408897   0.000817761
80.2867   0.0738047   0.005349   0.0585811   0.00086853
100.312   0.0779868   0.00391066   0.0774575   0.000916177
120.326   0.0798335   0.00300351   0.0972422   0.000962355
140.308   0.0825486   0.00242448   0.118442   0.00100686
160.32   0.0850328   0.00206027   0.138896   0.00105226
180.314   0.0865733   0.00176438   0.160855   0.00109739
194.92   0.0880628   0.0023186   0.17447   0.00160121
