2.424   -0.000809024   0.00277719
5.14108   -0.00158935   0.00102962
8.03904   5.94928e-05   0.000689641
11.0105   0.000110177   0.00056408
13.9971   0.000837406   0.000499072
16.9928   0.00143967   0.000455796
19.9895   0.00121898   0.000430859
23.4863   0.00184374   0.000354276
27.9792   0.00238671   0.000299347
32.9841   0.00309226   0.00028493
37.9744   0.00319089   0.000275202
42.9796   0.00310811   0.0002661
47.9796   0.00455114   0.000262469
60.266   0.00504403   0.000125554
80.2867   0.0062674   0.000121141
100.312   0.00827297   0.00011977
120.326   0.00980109   0.000120691
140.308   0.011432   0.000122665
160.32   0.012762   0.000126001
180.314   0.0138212   0.000129617
194.92   0.0149438   0.000187306
