6.967   0.04862   0.004403   0.001459
14.22   0.05233   0.001615   0.00157
24.3   0.05476   0.001056   0.001643
34.34   0.05762   0.0007978   0.001729
44.37   0.06139   0.0006379   0.001842
54.39   0.06476   0.0005337   0.001943
69.1   0.07128   0.0002986   0.002138
89.21   0.07666   0.000239   0.0023
109.3   0.08179   0.0001984   0.002454
134.1   0.08609   0.0001364   0.002583
166.5   0.09026   0.0001058   0.002708
201.6   0.09364   9.088e-05   0.002809
229.4   0.09594   0.0001086   0.002878
249.4   0.09672   0.0001023   0.002902
269.4   0.09802   9.647e-05   0.002941
289.4   0.09909   9.123e-05   0.002973
309.4   0.0999   8.688e-05   0.002997
334.3   0.1005   6.729e-05   0.003015

