6.917   0.05367   0.001655   0.002093
14.37   0.05428   0.0006222   0.002117
24.41   0.05379   0.0003994   0.002098
34.39   0.05501   0.0002977   0.002145
44.36   0.05651   0.0002436   0.002204
54.33   0.05814   0.0002135   0.002267
68.63   0.06038   0.0001381   0.002355
88.39   0.0629   0.0001397   0.002453
108.2   0.06421   0.0001624   0.002504
131.3   0.06633   4.268e-05   0.002587
162.1   0.06777   3.212e-05   0.002643
196.6   0.06887   2.831e-05   0.002686
227.5   0.06927   4.645e-05   0.00381
247.2   0.0697   8.416e-05   0.003833
267.1   0.06977   0.0001636   0.005163
287   0.06896   0.0003366   0.005103
306.8   0.06706   0.000741   0.004962
328.6   0.06621   0.00147   0.0049

