86   6.56977   1.01297
125   15.928   0.787041
88   25.5682   0.781318
72   35.6389   0.775617
65   45.1385   0.79108
60   55.0333   0.709725
45   65.2667   0.862282
63   75.0635   0.767661
62   85.0968   0.775324
51   95.6863   0.833159
50   105.06   0.791748
53   115.528   0.828073
39   125.744   0.878427
30   136   0.781806
36   145.167   0.807256
17   154.294   0.803988
17   165.706   0.891325
12   176.25   0.896286
14   185.643   0.953257
4   197.75   0.915506
5   204.2   0.825238
0   0   -nan
2   228   0.963422
2   237.5   0.67874
2   242.5   0.678203
0   0   -nan
0   0   -nan
0   0   -nan
0   0   -nan
0   0   -nan
