335   5.52239   0.702129
369   15.5203   0.857757
325   25.3631   0.901619
358   35.3743   0.913342
329   45.4407   0.916344
348   55.4425   0.937054
317   64.9779   0.915571
342   74.8187   0.943415
357   84.8739   0.953019
352   95.5256   0.941249
324   105.497   0.942507
337   115.312   0.951326
305   125.518   0.960651
331   135.716   0.940396
316   144.816   0.923015
343   155.394   0.957519
332   165.081   0.967754
343   175.309   0.950535
315   184.956   0.963243
307   194.026   0.940071
351   204.915   0.932875
329   214.815   0.955487
351   225.493   0.961205
342   235.632   0.950285
329   244.833   0.956777
311   254.775   0.957869
327   265.425   0.957121
320   273.803   0.949537
350   284.789   0.96485
305   293.905   0.950379
