0.3   0.0406371   0.00106495   0.0490186   0.000132154
0.5   0.0899125   0.00158372   0.0490186   0.000132154
0.7   0.140177   0.00225884   0.0490186   0.000132154
0.95   0.189739   0.00286788   0.0490186   0.000132154
1.25   0.232939   0.00382916   0.0490186   0.000132154
1.575   0.25616   0.00473489   0.0490186   0.000132154
1.975   0.264835   0.00577147   0.0490186   0.000132154
2.475   0.273826   0.00751121   0.0490186   0.000132154
3.1   0.281569   0.00999758   0.0490186   0.000132154
3.825   0.30594   0.014649   0.0490186   0.000132154
4.625   0.317416   0.0204319   0.0490186   0.000132154
5.525   0.349319   0.0284416   0.0490186   0.000132154
6.6   0.373031   0.0378099   0.0490186   0.000132154
7.85   0.41515   0.0545641   0.0490186   0.000132154
504.25   0.509934   0.0520886   0.0490186   0.000132154
