7.04497   1.08553   0.00266027
15.5122   1.08465   0.0019649
25.3749   1.07124   0.00208802
35.393   1.0396   0.00212828
45.3848   1.01068   0.00220213
55.3708   0.975683   0.00224316
65.3595   0.948665   0.00233521
75.3412   0.915166   0.00239389
85.3167   0.883354   0.00242544
95.2919   0.854368   0.00258801
105.278   0.831175   0.00274921
115.259   0.81174   0.00305186
125.247   0.781316   0.00301459
135.216   0.776747   0.00355513
145.188   0.74727   0.00376398
155.166   0.724523   0.00344105
165.164   0.71625   0.00452033
175.144   0.699163   0.00532717
185.128   0.72145   0.00917849
194.661   0.687281   0.00809509
