7.04497   0.864471   0.00107898
15.5122   0.721856   0.000450172
25.3749   0.664426   0.000315919
35.393   0.658437   0.000282036
45.3848   0.662969   0.0002616
55.3708   0.668996   0.000272211
65.3595   0.676363   0.000282382
75.3412   0.680853   0.000301484
85.3167   0.685654   0.000326175
95.2919   0.68823   0.000356261
105.278   0.689193   0.000395258
115.259   0.689169   0.0004447
125.247   0.690064   0.000504833
135.216   0.689621   0.000583155
145.188   0.686631   0.000681523
155.166   0.687231   0.000802461
165.164   0.683792   0.000955984
175.144   0.683871   0.00115668
185.128   0.683792   0.0014148
194.661   0.681144   0.00173766
