7.04497   0.00157944   0.000255404
15.5122   0.00354617   0.000156327
25.3749   0.00515807   0.000152819
35.393   0.00572592   0.000156911
45.3848   0.00671244   0.000163574
55.3708   0.00775606   0.000173075
65.3595   0.00903673   0.000184358
75.3412   0.0105767   0.000199363
85.3167   0.0124286   0.000218635
95.2919   0.0136253   0.000241646
105.278   0.0153192   0.000271067
115.259   0.0170253   0.000306395
125.247   0.0182688   0.000352543
135.216   0.0207979   0.000410523
145.188   0.020763   0.000481957
155.166   0.0229299   0.000572058
165.164   0.0214612   0.000682308
175.144   0.0255993   0.000834552
185.128   0.0254199   0.00101776
194.661   0.025396   0.00127015
