7.04497   0.000559083   0.000258625
15.5122   0.0034093   0.000170181
25.3749   0.00466942   0.000168713
35.393   0.00474024   0.000168429
45.3848   0.00704187   0.000169522
55.3708   0.00833361   0.000173455
65.3595   0.010717   0.000179198
75.3412   0.0131316   0.000189131
85.3167   0.0153938   0.00020187
95.2919   0.0167197   0.000219267
105.278   0.019129   0.000241267
115.259   0.0211269   0.000269584
125.247   0.0225678   0.000304694
135.216   0.0252128   0.000351016
145.188   0.0254229   0.000410165
155.166   0.0269618   0.000481678
165.164   0.026438   0.000572601
175.144   0.0300323   0.000691371
185.128   0.0301506   0.000838076
194.661   0.0332226   0.0010355
