6.56977   0   0.107833
15.928   0   0.0894427
25.5682   0.89943   0.0203633
35.6389   0.144904   0.115377
45.1385   0.520691   0.0904066
55.0333   -0.451733   0.102755
65.2667   -0.176542   0.144425
75.0635   -0.0706345   0.12536
85.0968   0.0597536   0.126547
95.6863   -0.361958   0.121682
105.06   -0.30383   0.128366
115.528   0.526776   0.0992439
125.744   0.473525   0.124223
136   0.478004   0.140858
145.167   0.13695   0.163541
154.294   0.476639   0.187435
165.706   0.463394   0.190455
176.25   -1   0
185.643   -0.278639   0.246511
197.75   0.924927   0.0722546
204.2   0   0.447214
0   0   inf
228   0   0.707107
237.5   0   0.707107
242.5   0   0.707107
0   0   inf
0   0   inf
0   0   inf
0   0   inf
0   0   inf
