86   6.56977   -0.0327801
125   15.928   -0.00023062
88   25.5682   -0.00814507
72   35.6389   0.0944436
65   45.1385   0.0739375
60   55.0333   0.029313
45   65.2667   -0.0425988
63   75.0635   -0.0738655
62   85.0968   0.0753006
51   95.6863   0.0921133
50   105.06   0.0609477
53   115.528   -0.0520745
39   125.744   -0.13879
30   136   0.111307
36   145.167   -0.188758
17   154.294   0.277833
17   165.706   0.0612198
12   176.25   0.046961
14   185.643   0.300529
4   197.75   -0.296619
5   204.2   0.22803
0   0   -nan
2   228   0.0241321
2   237.5   0.588369
2   242.5   -0.647039
0   0   -nan
0   0   -nan
0   0   -nan
0   0   -nan
0   0   -nan
