6.56977   0   0.107833
15.928   0.259356   0.0834263
25.5682   0.204824   0.102128
35.6389   -0.0224641   0.117792
45.1385   0.804537   0.0437495
55.0333   -0.137207   0.126669
65.2667   0.508347   0.110549
75.0635   -0.0875611   0.125022
85.0968   0.176445   0.123046
95.6863   -0.313479   0.126268
105.06   -0.221095   0.134508
115.528   0.204978   0.131589
125.744   0.296358   0.146064
136   0.0779768   0.181464
145.167   -0.14703   0.163064
154.294   0.244362   0.228053
165.706   -0.172568   0.235313
176.25   -1   0
185.643   -0.0921676   0.264991
197.75   -0.990254   0.00969858
204.2   1   0
0   0   inf
228   0   0.707107
237.5   0   0.707107
242.5   0   0.707107
0   0   inf
0   0   inf
0   0   inf
0   0   inf
0   0   inf
