6.92245   0.913202   0.00521685
15.4729   0.762727   0.00270734
25.4276   0.666379   0.00196787
35.428   0.612449   0.00144712
45.4192   0.581409   0.00142469
55.4365   0.558785   0.00116116
65.4418   0.546184   0.00122617
75.4261   0.52866   0.000972264
85.4288   0.522076   0.000974976
95.4347   0.512615   0.00114338
105.434   0.504525   0.00107117
115.44   0.49554   0.00102276
125.44   0.491002   0.00123425
135.445   0.482933   0.000880325
145.419   0.474965   0.000827895
155.431   0.468982   0.000814435
165.453   0.462787   0.000814433
175.437   0.457531   0.000949415
185.425   0.451662   0.00123003
194.948   0.444817   0.000792205
