6.92245   1.24154   0.0111647
15.4729   1.34096   0.00933341
25.4276   1.37111   0.00926573
35.428   1.31531   0.0087723
45.4192   1.30789   0.00915378
55.4365   1.2378   0.00865492
65.4418   1.2049   0.00882497
75.4261   1.14463   0.00846045
85.4288   1.0996   0.00860957
95.4347   1.04943   0.00827869
105.434   1.00618   0.00804594
115.44   0.97309   0.00794057
125.44   0.942906   0.00766998
135.445   0.902081   0.00749458
145.419   0.865559   0.00693382
155.431   0.851729   0.00741598
165.453   0.832521   0.00734788
175.437   0.810336   0.00718158
185.425   0.785668   0.00720195
194.948   0.762652   0.0069869
