6.92245   -0.00100584   0.000614034
15.4729   0.00350813   0.000441192
25.4276   0.00375649   0.000455374
35.428   0.00596188   0.00046605
45.4192   0.00547318   0.00048065
55.4365   0.00817047   0.000490818
65.4418   0.00992959   0.000502101
75.4261   0.0105196   0.000514324
85.4288   0.0129531   0.000519371
95.4347   0.0150319   0.000535733
105.434   0.0167703   0.000542471
115.44   0.0188432   0.000558827
125.44   0.0215662   0.000567443
135.445   0.0236545   0.000582909
145.419   0.0253019   0.000598019
155.431   0.0273274   0.000613804
165.453   0.0298138   0.000627592
175.437   0.0298053   0.000642608
185.425   0.0316185   0.000661004
194.948   0.0349247   0.000679743
