6.92245   0.000692761   0.000581729
15.4729   0.00253431   0.000384629
25.4276   0.00388172   0.000378966
35.428   0.00461748   0.000385287
45.4192   0.00518597   0.000396423
55.4365   0.00492502   0.000408453
65.4418   0.00662278   0.000421084
75.4261   0.00592015   0.000434232
85.4288   0.00834064   0.00044314
95.4347   0.00848243   0.000460683
105.434   0.00929716   0.000471637
115.44   0.0105149   0.000486901
125.44   0.0115363   0.000499461
135.445   0.0118515   0.000513141
145.419   0.013068   0.000531807
155.431   0.0145124   0.000547827
165.453   0.0160574   0.000567247
175.437   0.0142149   0.000583841
185.425   0.0165175   0.000604265
194.948   0.0177284   0.00061825
