0  0.296865  0.0228999   0.0293544  0.00225106
1  0.496874  0.0360277   0.0329279  0.00246177
2  0.697271  0.0480265   0.0458428  0.00268928
3  0.897243  0.0588475   0.0653551  0.002911
4  1.23398  0.0740701   0.0771547  0.00210435
5  1.73794  0.0907572   0.0945725  0.00248161
6  2.2405  0.100303   0.0982289  0.00284661
7  2.74281  0.104209   0.104118  0.00313757
8  3.48107  0.102938   0.107297  0.00246274
9  4.4913  0.0952518   0.0971899  0.00269671
10  5.49124  0.0854532   0.0866484  0.00284688
11  6.49283  0.0759567   0.0750092  0.00296232
12  7.49393  0.0675586   0.0645449  0.00308343
13  8.97742  0.0574213   0.0593702  0.00229101
