          10           0           1         208   2.37084770    
     1.185      0.000     1     3      0.000     0  2112
    -4.988      0.263    -1     0     -9.752  2212  2212
    -0.151      1.403    -2     3     -6.952     0  2212
    -0.175     -4.880    -3     0     -6.460  2212  2212
    -1.776      0.074    -4     3     -6.281     0  2212
    -3.561     -0.146    -5     0     -6.056  2212  2212
     0.244     -1.745    -6     0     -5.679  2212  2212
    -1.639     -0.815    -7     0     -5.638  2212  2212
    -7.283      1.002    -8     0     -5.527  2212  2212
    -3.960      3.864    -9     0     -5.093  2212  2212
     1.503     -2.924   -10     0     -4.986  2212  2212
    -1.945      3.646   -11     0     -4.928  2212  2212
     1.814     -3.172   -12     0     -4.913  2212  2212
    -3.895     -0.063   -13     0     -4.804  2212  2212
    -3.641     -2.880   -14     0     -4.797  2212  2212
    -1.844      2.331   -15     0     -4.585  2212  2212
     1.593      2.042   -16     3     -4.556     0  2212
     1.696     -2.759   -17     0     -4.541  2212  2212
    -2.130      3.541   -18     0     -4.384  2212  2212
     1.193      1.774   -19     0     -4.333  2212  2212
    -5.110      0.981   -20     0     -4.311  2212  2212
    -5.402      2.784   -21     0     -4.307  2212  2212
     1.652      5.993   -22     0     -4.035  2212  2212
    -4.780     -0.253   -23     0     -3.911  2212  2212
     0.121     -4.541   -24     0     -3.874  2212  2212
    -2.775     -4.838   -25     0     -3.835  2212  2212
    -3.199      6.760   -26     0     -3.691  2212  2212
     1.323      2.474   -27     0     -3.623  2212  2212
    -2.342     -4.896   -28     0     -3.584  2212  2212
     1.145      3.033   -29     0     -3.502  2212  2212
     3.692     -3.628   -30     0     -3.410  2212  2212
    -3.237      3.632   -31     0     -3.404  2212  2212
     2.288      2.643   -32     0     -3.373  2212  2212
    -1.717     -2.207   -33     0     -3.369  2212  2212
    -5.303      0.958   -34     0     -3.334  2212  2212
    -0.846     -1.960   -35     0     -3.313  2212  2212
    -4.130      1.914   -36     0     -3.256  2212  2212
     3.101      0.573   -37     0     -3.094  2212  2212
    -0.625     -4.934   -38     0     -3.085  2212  2212
     2.830     -2.793   -39     0     -3.080  2212  2212
    -3.243      2.518   -40     0     -3.051  2212  2212
    -1.023      3.833   -41     0     -2.976  2212  2212
    -0.589     -0.704   -42     3     -2.930     0  2212
    -3.899     -2.593   -43     0     -2.868  2212  2212
    -1.048     -4.671   -44     0     -2.805  2212  2212
    -0.460     -4.992   -45     0     -2.684  2212  2212
     3.621     -4.617   -46     0     -2.637  2212  2212
     3.352     -2.761   -47     0     -2.597  2212  2212
    -2.195     -2.669   -48     0     -2.507  2212  2212
    -0.196     -0.169   -49     3     -2.480     0  2212
     3.378      0.267   -50     0     -2.449  2212  2212
    -0.257      5.389   -51     0     -2.417  2212  2212
    -0.697      4.061   -52     0     -2.361  2212  2212
    -5.176      4.196   -53     0     -2.333  2212  2212
    -1.950      4.591   -54     0     -2.288  2212  2212
     3.129      1.316   -55     0     -2.128  2212  2212
     2.897     -4.033   -56     0     -2.100  2212  2212
    -3.301     -4.501   -57     0     -2.063  2212  2212
     0.823      5.510   -58     0     -1.937  2212  2212
     4.439     -1.896   -59     0     -1.935  2212  2212
    -0.166     -2.448   -60     0     -1.914  2212  2212
    -0.145      4.207   -61     0     -1.877  2212  2212
    -3.385     -1.666   -62     0     -1.875  2212  2212
     1.613      2.312   -63     0     -1.824  2212  2212
    -1.305     -6.346   -64     0     -1.710  2212  2212
    -5.154      0.910   -65     0     -1.650  2212  2212
    -6.450      3.071   -66     0     -1.630  2212  2212
    -2.798      5.321   -67     0     -1.581  2212  2212
     3.205      3.958   -68     0     -1.549  2212  2212
    -3.376      4.148   -69     0     -1.489  2212  2212
    -2.263      5.278   -70     0     -1.463  2212  2212
    -2.604      1.180   -71     0     -1.448  2212  2212
    -1.335      3.941   -72     0     -1.429  2212  2212
     1.118      3.063   -73     0     -1.349  2212  2212
     1.789     -6.683   -74     0     -1.312  2212  2212
     3.859     -1.149   -75     3     -1.230     0  2212
    -6.933     -3.987   -76     0     -1.222  2212  2212
    -2.671      3.804   -77     0     -1.217  2212  2212
     0.822      0.098   -78     3     -1.208     0  2212
    -3.341      5.017   -79     0     -1.158  2212  2212
    -1.652      3.943   -80     0     -1.132  2212  2212
    -2.550     -2.378   -81     0     -1.061  2212  2212
     0.612     -2.618   -82     0     -1.021  2212  2212
    -2.290     -1.365   -83     0     -0.989  2112  2112
    -4.319     -2.063   -84     0     -0.928  2112  2112
    -7.311     -2.236   -85     0     -0.827  2112  2112
    -4.260     -1.207   -86     0     -0.814  2112  2112
    -4.535     -0.388   -87     0     -0.811  2112  2112
    -6.737     -2.100   -88     0     -0.714  2112  2112
     1.719      1.004   -89     3     -0.635     0  2112
    -0.172     -0.644   -90     0     -0.626  2112  2112
    -3.718      4.021   -91     0     -0.595  2112  2112
    -5.515      1.617   -92     0     -0.573  2112  2112
    -7.441      2.159   -93     0     -0.535  2112  2112
     0.319     -4.658   -94     0     -0.514  2112  2112
     2.503     -2.079   -95     0     -0.482  2112  2112
    -1.996      3.687   -96     0     -0.420  2112  2112
     1.107      1.916   -97     3     -0.333     0  2112
    -5.107     -3.775   -98     0     -0.259  2112  2112
    -1.957      5.858   -99     0     -0.208  2112  2112
    -5.769     -0.163  -100     0     -0.197  2112  2112
    -1.028     -2.933  -101     0     -0.108  2112  2112
    -3.616      1.265  -102     0     -0.085  2112  2112
    -5.239     -0.265  -103     0     -0.045  2112  2112
    -4.511     -4.234  -104     0     -0.027  2112  2112
     7.307      4.641  -105     0      0.011  2112  2112
    -6.088     -2.061  -106     0      0.039  2112  2112
    -6.294     -2.558  -107     0      0.093  2112  2112
     3.304      0.956  -108     0      0.095  2112  2112
    -2.724      2.655  -109     0      0.142  2112  2112
     1.920     -2.614  -110     0      0.170  2112  2112
    -6.533      1.809  -111     0      0.177  2112  2112
     0.079     -3.852  -112     0      0.262  2112  2112
    -1.195      3.851  -113     0      0.327  2112  2112
    -5.475      3.007  -114     0      0.365  2112  2112
     3.147     -2.936  -115     0      0.438  2112  2112
    -6.666      1.532  -116     0      0.524  2112  2112
    -5.406      4.177  -117     0      0.694  2112  2112
     2.388     -0.745  -118     0      0.779  2112  2112
    -2.462      1.974  -119     0      0.781  2112  2112
    -0.825     -5.512  -120     0      0.808  2112  2112
    -4.189      4.553  -121     0      0.823  2112  2112
     1.125      5.593  -122     0      0.847  2112  2112
    -0.023     -1.108  -123     0      0.849  2112  2112
     0.962     -5.365  -124     0      0.886  2112  2112
    -1.004      1.045  -125     0      1.041  2112  2112
    -2.311     -2.221  -126     0      1.147  2112  2112
    -4.263      0.572  -127     0      1.154  2112  2112
    -4.269     -0.390  -128     0      1.212  2112  2112
    -0.832      6.305  -129     0      1.268  2112  2112
     0.747      6.212  -130     0      1.325  2112  2112
    -1.750      4.771  -131     0      1.340  2112  2112
     1.715      5.589  -132     0      1.356  2112  2112
    -0.303     -1.412  -133     0      1.457  2112  2112
    -3.147     -5.527  -134     0      1.462  2112  2112
     3.644      0.052  -135     0      1.487  2112  2112
    -7.312     -0.080  -136     0      1.502  2112  2112
    -1.015      0.988  -137     0      1.515  2112  2112
    -2.033     -0.027  -138     0      1.532  2112  2112
    -5.728     -1.107  -139     0      1.535  2112  2112
    -3.841     -2.124  -140     0      1.538  2112  2112
    -6.399      0.932  -141     0      1.541  2112  2112
    -1.251      3.161  -142     0      1.579  2112  2112
     4.321     -4.299  -143     0      1.602  2112  2112
     2.840      0.720  -144     0      1.606  2112  2112
    -3.098      3.911  -145     0      1.653  2112  2112
     1.973      3.025  -146     0      1.784  2112  2112
    -4.012      4.536  -147     0      1.828  2112  2112
     1.211      5.160  -148     0      1.835  2112  2112
    -3.181      5.385  -149     0      1.887  2112  2112
     3.476      0.574  -150     0      2.037  2112  2112
    -2.270     -4.032  -151     0      2.063  2112  2112
     0.106     -5.076  -152     0      2.113  2112  2112
    -3.045     -6.368  -153     0      2.137  2112  2112
     3.488     -1.344  -154     0      2.152  2112  2112
    -5.599     -0.842  -155     0      2.165  2112  2112
    -3.353      2.065  -156     0      2.229  2112  2112
     1.909      4.067  -157     0      2.246  2112  2112
    -3.868     -2.115  -158     0      2.319  2112  2112
     1.657      2.506  -159     0      2.350  2112  2112
    -1.314     -2.710  -160     0      2.466  2112  2112
    -2.345     -3.682  -161     0      2.605  2112  2112
     3.895      0.420  -162     0      2.724  2112  2112
     1.960      5.162  -163     0      2.744  2112  2112
     1.751      1.899  -164     0      2.766  2112  2112
    -2.687      4.763  -165     0      2.778  2112  2112
     1.568      4.503  -166     0      2.807  2112  2112
    -1.678     -0.281  -167     0      2.817  2112  2112
    -0.389      5.312  -168     0      2.913  2112  2112
    -6.691      3.645  -169     0      3.112  2112  2112
     2.329      0.378  -170     3      3.133     0  2112
    -4.283     -2.179  -171     0      3.143  2112  2112
    -3.992     -1.814  -172     0      3.148  2112  2112
    -0.191      3.720  -173     0      3.170  2112  2112
    -2.372      4.430  -174     0      3.182  2112  2112
    -3.393      3.798  -175     0      3.226  2112  2112
     1.707      3.941  -176     0      3.325  2112  2112
    -1.374     -3.711  -177     0      3.327  2112  2112
    -0.568     -4.127  -178     0      3.402  2112  2112
     2.197     -2.815  -179     0      3.435  2112  2112
    -5.168     -3.007  -180     0      3.526  2112  2112
    -3.646     -3.831  -181     0      3.562  2112  2112
     0.480      2.585  -182     0      3.585  2112  2112
     0.778     -1.408  -183     3      3.590     0  2112
    -0.120     -0.476  -184     1      3.615  2112  2112
    -2.256      3.081  -185     0      3.773  2112  2112
     0.471     -2.144  -186     0      3.869  2112  2112
     4.797      1.211  -187     0      4.123  2112  2112
    -1.738      3.288  -188     0      4.143  2112  2112
     0.501     -4.871  -189     0      4.184  2112  2112
     2.720     -3.167  -190     0      4.535  2112  2112
     4.417     -2.021  -191     0      4.555  2112  2112
     1.807     -2.528  -192     3      4.604     0  2212
    -3.556     -0.073  -193     0      4.612  2112  2112
    -1.113      4.565  -194     0      4.636  2112  2112
    -2.853     -1.579  -195     0      4.649  2112  2112
    -2.897     -2.413  -196     0      4.734  2112  2112
    -5.684      0.570  -197     0      4.849  2112  2112
     0.989     -0.774  -198     3      4.864     0  2112
     1.808      1.599  -199     0      4.922  2112  2112
     3.527      3.090  -200     0      4.946  2112  2112
    -1.624      4.637  -201     0      5.005  2112  2112
    -2.954     -2.005  -202     0      5.124  2112  2112
    -1.641      0.730  -203     0      5.248  2112  2112
     0.056      0.800  -204     0      5.315  2112  2112
    -4.794      0.690  -205     0      5.609  2112  2112
     0.421      1.110  -206     3      5.860     0  2112
    -1.508     -1.569  -207     0      6.102  2112  2112
    -2.400     -0.720  -208     0      6.555  2112  2112
