12.5605   0.080195   0.0502222   0.00641538   0.000284212
30.0721   0.0759446   0.00690081   0.0230901   0.000268871
50.041   0.0823678   0.00300892   0.046205   0.000305613
69.9423   0.0876916   0.00201515   0.069449   0.000355492
89.7939   0.0916759   0.00169035   0.090871   0.000429081
109.663   0.0937094   0.00161123   0.110995   0.000540266
129.497   0.0963229   0.00178352   0.126283   0.000711168
149.365   0.0958988   0.00207723   0.141103   0.000979837
169.216   0.0966128   0.00263736   0.153844   0.00141013
188.759   0.0938396   0.00340705   0.168083   0.00211916
