12.2333   0.0661578   0.122408   0.00625698   0.000770747
30.2338   0.0663866   0.0249074   0.0174182   0.000731121
50.2577   0.0704389   0.011095   0.0326326   0.000789837
70.294   0.0732818   0.00665115   0.0493024   0.000843718
90.3079   0.0757352   0.00453701   0.0677254   0.000893255
110.32   0.0789997   0.00337488   0.0878282   0.000939251
130.331   0.0812728   0.00271015   0.106966   0.000984399
150.34   0.0842357   0.00225184   0.127884   0.00102948
170.359   0.0854456   0.00187823   0.15083   0.00107502
189.858   0.0874801   0.00167819   0.169915   0.00112059
