0.3   0.0427411   0.00134853   0.0666836   0.000282638
0.5   0.0872538   0.002017   0.0666836   0.000282638
0.7   0.130628   0.00284491   0.0666836   0.000282638
0.95   0.168236   0.00352444   0.0666836   0.000282638
1.25   0.19948   0.00470889   0.0666836   0.000282638
1.575   0.21541   0.00594143   0.0666836   0.000282638
1.975   0.221676   0.00747947   0.0666836   0.000282638
2.475   0.219332   0.0099806   0.0666836   0.000282638
3.1   0.217064   0.0135871   0.0666836   0.000282638
3.825   0.23039   0.0202452   0.0666836   0.000282638
4.625   0.242777   0.0285605   0.0666836   0.000282638
5.525   0.280637   0.0400108   0.0666836   0.000282638
6.6   0.245893   0.0528863   0.0666836   0.000282638
7.85   0.328575   0.0764956   0.0666836   0.000282638
504.25   0.42375   0.0736766   0.0666836   0.000282638
