2.43277   0.0954425   1.12003   0.0029257   0.00172927
5.15166   0.105015   1.15353   0.0019382   0.00089756
8.05534   0.110655   0.813576   0.00216952   0.000718377
11.0218   0.0749599   0.180364   0.00451223   0.000656725
14.0024   0.081387   0.110993   0.00641805   0.000635856
16.9928   0.0822879   0.0584809   0.0100466   0.000636223
19.989   0.0715711   0.0318101   0.0144286   0.000646384
23.4772   0.0741301   0.0235679   0.0165306   0.000575662
27.9661   0.0781389   0.0172068   0.0198311   0.000530974
32.9694   0.0758289   0.0112673   0.0267666   0.000547357
37.9695   0.0798973   0.00987247   0.0305665   0.000564138
42.9681   0.0787236   0.00724215   0.0384984   0.00058219
47.9605   0.0842857   0.00693008   0.0417599   0.000600856
59.9854   0.0849056   0.00233833   0.0585483   0.000328319
79.8543   0.0896718   0.00180688   0.0803071   0.000388499
99.705   0.0932746   0.00164407   0.100634   0.000479177
119.561   0.0952613   0.00166548   0.119453   0.000615668
139.404   0.0961232   0.00191899   0.133341   0.000831146
159.262   0.0956483   0.00228458   0.148764   0.00116759
179.113   0.0957694   0.00299888   0.160658   0.00172242
194.631   0.0924958   0.00508376   0.174805   0.00337424
