2.43277   -0.00256656   0.00111723
5.15166   -0.000960099   0.000404826
8.05534   0.000733085   0.000262125
11.0218   0.00213383   0.000207275
14.0024   0.0029179   0.00018005
16.9928   0.00356434   0.000165315
19.989   0.00397404   0.000157011
23.4772   0.00454617   0.000130448
27.9661   0.00508484   0.000112567
32.9694   0.00517297   0.000108877
37.9695   0.00593588   0.000106543
42.9681   0.00680869   0.000105322
47.9605   0.00771856   0.000104751
59.9854   0.00914214   5.35015e-05
79.8543   0.0118583   5.83267e-05
99.705   0.0138101   6.80048e-05
119.561   0.015593   8.39693e-05
139.404   0.0170731   0.000109689
159.262   0.0177408   0.000150217
179.113   0.0185541   0.000215178
194.631   0.0194998   0.000411945
