2.43277   0.000175671   0.00111737
5.15166   8.69517e-05   0.000404745
8.05534   0.000804404   0.000262076
11.0218   0.00152649   0.000206777
14.0024   0.00223198   0.000179873
16.9928   0.00256479   0.00016522
19.989   0.00318553   0.000156426
23.4772   0.00345931   0.000130204
27.9661   0.00362201   0.000112214
32.9694   0.00368493   0.000108466
37.9695   0.0039897   0.000106118
42.9681   0.00445298   0.000104933
47.9605   0.00492622   0.000104085
59.9854   0.00586352   5.31671e-05
79.8543   0.00771054   5.78911e-05
99.705   0.00938197   6.74143e-05
119.561   0.0109472   8.32506e-05
139.404   0.0124944   0.000108818
159.262   0.0132851   0.000148772
179.113   0.014099   0.000213055
194.631   0.014838   0.000409777
